13.438503 6.754125
13.320280 6.694239
13.264789 6.674645
13.179173 6.626805
13.283467 6.671079
12.379667 6.190069
13.006072 6.518716
12.629172 6.319395
12.547492 6.278973
12.547257 6.276136
12.757101 6.384392
12.908038 6.464266
12.753786 6.384042
12.357704 6.180299
13.025858 6.569662
13.056297 6.570023
13.060586 6.571241
13.074345 6.652663
13.051363 6.591057
13.414305 6.752189
13.052702 6.582105
12.377084 6.189139
12.770742 6.392850
12.817993 6.422117
12.961409 6.488938
12.874207 6.446328
12.782339 6.399800
12.829616 6.420893
12.770127 6.394512
12.512494 6.256698
13.353198 6.715676
13.356985 6.721778
13.377451 6.732107
13.179318 6.641393
13.228097 6.665416
13.198420 6.636970
13.263076 6.677140
12.365490 6.183771
13.241195 6.724012
13.117353 6.671845
13.220321 6.710578
13.087393 6.653183
13.571997 6.851832
13.269321 6.653572
13.083911 6.653231
12.359887 6.180354
12.576345 6.300998
12.552635 6.284647
12.558714 6.288943
12.543267 6.275018
12.544951 6.273978
12.541370 6.273294
12.546035 6.275029
12.358533 6.179398
13.268564 6.691989
13.162306 6.627453
13.282106 6.699118
13.279797 6.699238
13.337236 6.711929
13.290116 6.688938
13.275358 6.698309
12.352571 6.178048
12.614022 6.315920
12.696312 6.354664
12.615051 6.315789
12.613435 6.316825
12.613852 6.315566
12.614476 6.317593
12.716567 6.364265
12.362998 6.183199
13.050290 6.595486
13.021377 6.585142
13.076922 6.659131
13.007871 6.575436
13.069467 6.656606
13.068450 6.653741
13.007844 6.572660
12.358651 6.180552
12.545940 6.275187
12.542057 6.273390
12.546960 6.276246
12.544201 6.274285
12.547188 6.273884
12.538338 6.270648
12.542736 6.272721
12.356581 6.179636
13.163656 6.626658
13.264756 6.688622
13.185144 6.641662
13.184554 6.640711
13.172436 6.634781
13.273177 6.695637
13.285828 6.700680
12.354930 6.178481
12.717309 6.366218
12.606050 6.312326
12.707760 6.360415
12.611673 6.317320
12.611885 6.315004
